626 -841
-290 -432
-464 -748
673 -211
802 782
976 637
-364 567
76 -29
525 -983
482 -136
-998 -900
961 -765
-248 368
434 467
-850 755
347 1003
-736 -497
-552 722
994 1
834 -780
-995 853
506 -862
303 987
-37 205
589 -347
697 401
647 -722
556 -938
260 -920
634 -1007
-783 456
-834 752
-567 289
789 -45
-552 -452
367 303
-460 750
-949 -418
-1018 23
-850 -879
-162 323
484 788
-551 -301
-399 -987
497 54
-645 817
-363 723
962 12
-769 446
856 -329
-740 507
-974 -251
938 -103
-346 -917
153 676
-764 672
571 -113
703 586
960 -687
322 427
239 533
-406 -561
-682 -639
328 591
