4 0
6 0
8 0
10 0
12 0
14 0
16 0
18 0
20 0
22 0
24 0
26 0
28 1001000
30 0
32 0
34 999000
36 0
38 0
40 1000000
42 0
44 981000
46 1998000
48 999000
50 1999000
52 2013000
54 985000
56 1998000
58 1998000
60 1999000
62 1999000
64 2998000
66 3000000
68 2999000
70 2998000
72 3998000
74 3996000
76 3997000
78 3998000
80 4997000
82 3229000
84 0
86 14007000
88 0
90 0
92 17898000
94 0
96 15636000
98 0
100 19858000
102 8994000
104 4104000
106 15644000
108 0
110 25760000
112 10071000
114 15625000
116 15624000
118 0
120 15644000
122 31228000
124 18633000
126 15643000
128 15605000
130 15644000
132 31248000
134 22136000
136 15624000
138 15622000
140 31250000
142 22148000
144 31252000
146 31247000
148 32253000
150 42116000
152 35972000
154 34417000
156 37979000
158 38979000
160 38985000
162 23955000
164 50878000
166 46875000
168 31248000
170 53384000
172 46889000
174 65509000
176 50259000
178 58442000
180 61963000
182 68960000
184 67967000
186 49295000
188 62521000
190 74276000
192 70370000
194 72934000
196 76955000
198 77574000
200 87950000
202 78954000
204 81106000
206 86929000
208 83676000
210 78458000
212 84936000
214 84147000
216 100250000
218 100089000
220 99830000
222 105713000
224 94898000
226 131514000
228 131236000
230 115879000
232 122422000
234 115880000
236 133930000
238 133205000
240 117901000
242 131523000
244 150030000
246 135009000
248 131499000
250 147184000
252 153031000
254 146288000
256 153655000
258 164595000
260 151325000
262 169338000
264 184912000
266 184755000
268 178394000
270 184905000
272 184561000
274 200512000
276 200752000
278 216602000
280 199091000
282 218122000
284 198238000
286 228667000
288 245861000
290 241861000
292 238426000
294 230865000
296 238269000
298 247413000
300 247104000
302 238319000
304 269386000
306 247377000
308 269290000
310 278661000
312 300624000
314 269544000
316 300425000
318 300770000
320 285507000
322 309674000
324 307302000
326 331773000
328 322951000
330 316166000
332 338016000
334 347668000
336 347336000
338 353960000
340 363268000
342 354110000
344 369509000
346 394540000
348 385291000
350 385020000
352 403100000
354 398529000
356 416485000
358 422946000
360 438621000
362 427483000
364 455827000
366 441948000
368 464047000
370 451122000
372 485461000
374 482177000
376 473499000
378 501133000
380 501254000
382 501284000
384 529825000
386 519334000
388 538905000
390 534042000
392 558890000
394 557561000
396 554872000
398 594920000
400 585623000
402 601475000
404 601279000
406 601414000
408 627326000
410 628733000
412 648237000
414 639389000
416 664058000
418 670096000
420 670781000
422 686159000
424 701367000
426 717216000
428 717332000
430 727635000
432 744838000
434 748449000
436 754864000
438 766190000
440 783599000
442 795656000
444 804404000
446 800855000
448 831118000
450 823741000
452 844957000
454 858683000
456 872583000
458 890717000
460 891491000
462 897158000
464 917425000
466 917607000
468 939677000
470 933497000
472 971043000
474 964228000
476 986618000
478 1002235000
480 1017769000
482 1014387000
484 1035389000
486 1052095000
488 1051084000
490 1081193000
492 1084449000
494 1099052000
496 1123579000
498 1138920000
500 1138871000
502 1162412000
504 1169835000
506 1173200000
508 1202777000
510 1218278000
512 1240338000
514 1250039000
516 1256581000
518 1271527000
520 1280847000
522 1291721000
524 1314619000
526 1324939000
528 1381642000
530 1356132000
532 1372043000
534 1380493000
536 1424121000
538 1419532000
540 1429358000
542 1452163000
544 1480072000
546 1482518000
548 1516765000
550 1523594000
552 1549549000
554 1556827000
556 1565660000
558 1587981000
560 1619135000
562 1619298000
564 1625730000
566 1666072000
568 1672531000
570 1698504000
572 1693406000
574 1734996000
576 1801164000
578 1756955000
580 1793314000
582 1806067000
584 1830606000
586 1832434000
588 1872353000
590 1899783000
592 1888680000
594 1919973000
596 1920862000
598 1957692000
600 1982193000
602 2006911000
604 2001719000
606 2026443000
608 2051845000
610 2074644000
612 2084383000
614 2122535000
616 2139508000
618 2156634000
620 2181083000
622 2193165000
624 2212509000
626 2251562000
628 2258307000
630 2267936000
632 2325623000
634 2321768000
636 2352145000
638 2374460000
640 2418931000
642 2420273000
644 2479719000
646 2477201000
648 2495604000
650 2511485000
652 2521161000
654 2568229000
656 2574777000
658 2605688000
660 2621837000
662 2643518000
664 2683062000
666 2798348000
668 2730213000
670 2737438000
672 2774938000
674 2799790000
676 2813170000
678 2852686000
680 2875353000
682 3209129000
684 3276640000
686 3295998000
688 4339914000
690 3546846000
692 3200171000
694 3812876000
696 3742855000
698 3381964000
700 4199773000
702 3947739000
704 3343083000
706 3339108000
708 4064653000
710 3897765000
712 3579949000
714 3856812000
716 3531977000
718 4102628000
720 3479009000
722 3528978000
724 3900031000
726 5218865000
728 4262365000
730 4304654000
732 3835824000
734 4168847000
736 3733862000
738 3796826000
740 3742857000
742 3757846000
744 3785852000
746 3828786000
748 3861789000
750 3878777000
752 3945759000
754 4077644000
756 8590502000
758 6598679000
760 5300763000
762 5234022000
764 5107687000
766 5026594000
768 4405497000
770 4334517000
772 4781239000
774 4539402000
776 4452451000
778 4676339000
780 4382490000
782 4616456000
784 4563385000
786 4745281000
788 4738289000
790 4709321000
792 4840207000
794 4955162000
796 4963176000
798 4815366000
800 4900174000
802 4990161000
804 4883181000
806 4877377000
808 5021143000
810 5202997000
812 5121068000
814 5048128000
816 5303942000
818 5298964000
820 5381937000
822 6242404000
824 6271393000
826 5867640000
828 5444327000
830 5401902000
832 5498851000
834 5421914000
836 5513822000
838 5526834000
840 5617783000
842 5579802000
844 5707711000
846 5744729000
848 5667733000
850 5782688000
852 5984592000
854 5953589000
856 6642278000
858 6411327000
860 7559670000
862 7210868000
864 6326378000
866 6426317000
868 6634535000
870 6875274000
872 6124921000
874 6181927000
876 6596550000
878 7988830000
880 7229364000
882 6440219000
884 6642262000
886 6474873000
888 6464913000
890 6647518000
892 6544722000
894 6673141000
896 6706028000
898 6764468000
900 6750642000
902 6786494000
904 6929030000
906 6871722000
908 7135449000
910 7027969000
912 7009803000
914 7046093000
916 7098812000
918 7147600000
920 7183345000
922 7257422000
924 7375845000
926 7325182000
928 7401538000
930 7421106000
932 7443639000
934 7515791000
936 7568767000
938 7607366000
940 7709495000
942 7705487000
944 7754901000
946 7802874000
948 7859195000
950 7900026000
952 8250602000
954 8314793000
956 8081863000
958 8096575000
960 8137168000
962 8199444000
964 8265160000
966 8479344000
968 8366781000
970 8413623000
972 8423480000
974 8506830000
976 8560340000
978 8685427000
980 8685447000
982 8731116000
984 8981603000
986 8801612000
988 8873695000
990 8965548000
992 8990307000
994 9083308000
996 9149669000
998 9136726000
1000 9264217000
1002 9269325000
1004 9347226000
1006 9354632000
1008 9446413000
1010 9499816000
1012 9553020000
1014 9619098000
1016 9715131000
1018 9749547000
1020 9841542000
1022 9853202000
1024 9900587000
